i = 158
P = { 0.96814944094440081, 3.1437850883442353 }
distance = 2.5438539217001965
sqrDistance = 6.4711927749494693
closest[1] = { -0.13211793771092795, 0.85018432308093383 }

i = 670
P = { -2.4262414237572791, -1.8037507283659162 }
distance = 2.5438539217001961
sqrDistance = 6.4711927749494667
closest[1] = { -1.3259740451019499, 0.48985003689738416 }

